13136
7564
13872
11176
35992
19788
40256
59652
58140
60504
54980
59508
51888
5236
16948
280300
289068
9648
9412
5296
21568
10164
18668
18784
18668
51288
27660
216024
6084
155852
4348
3136
167380
142596
4152
158088
159908
21872
19448
107460
7508
21488
12456
9176
14896
82488
40516
11176
10380
1768
20288
39188
10012
3204
6860
12916
96648
24792
3036
8520
39020
6524
33304
6964
0
17876
217668
12604
21004
169364
17816
52604
2452
16596
64
920
12584
107740
40072
39532
15136
20168
29784
10104
60272
225192
82208
4712
59508
59700
24096
16500
